0.0
0.0
0.0
0.0
0.0
0.0
0.0
0.0
0.0
0.0
0.0
0.0
0.0
0.0
0.0
0.0
0.0
0.0
0.0
0.0
0.0
0.0
0.0
0.0
0.0
0.0
0.0
0.0
0.0
0.0
0.0
0.0
0.0
0.0
0.0
0.0
0.0
0.0
0.0
0.0
0.0
0.0
0.0
0.0
0.0
0.0
0.0
0.0
0.0
0.0
0.0
0.0
0.0
0.0
0.0
0.0
0.0
0.0
0.0
0.0
0.0
0.0
0.0
0.0
0.0
0.0
0.0
0.0
0.0
0.0
0.0
0.0
0.0
0.0
0.0
0.0
0.0
0.0
0.0
0.0
0.0
0.0
0.0
0.0
0.0
0.0
0.0
0.0
0.0
0.0
0.0
0.0
0.0
0.0
0.0
0.0
0.0
0.0
0.0
0.0
0.0
0.0
0.0
0.0
0.0
0.0
0.0
0.0
0.0
0.0
0.0
0.0
0.0
0.0
0.0
0.0
0.0
0.0
0.0
0.0
0.0
0.0
0.0
0.0
1.6381737060856478
2.724221047689704
3.6818454044496307
4.08509401279963
3.9839416423389755
3.7821545177095164
3.26930755813616
2.719832165170971
1.9632142424407075
1.2198808309108378
0.0
0.0
0.0
0.0
0.0
0.0
0.0
0.0
0.0
0.0
0.0
0.0
0.0
0.0
0.0
0.0
0.0
0.0
2.3718986438000647
4.424046115230917
6.277780528824632
7.255222933022157
7.232166399827476
6.645742718498563
5.635668185829838
4.395090977994776
3.07195149564226
1.829583014641821
0.0
0.0
0.0
0.0
0.0
0.0
0.0
0.0
0.0
0.0
0.0
0.0
0.0
0.0
0.0
0.0
0.0
0.0
0.0
2.219087422084671
4.706104218424686
6.111889869487911
6.111833141805199
5.328884305026391
4.3522096268212245
3.0955468073122705
1.9870757888953519
0.0
0.0
0.0
0.0
0.0
0.0
0.0
0.0
0.0
0.0
0.0
0.0
0.0
-1.5959720758120923
-3.1948981036199733
-4.8935351845837625
-6.549854039991349
-7.880823545812271
-8.492599270780556
-7.792182242518734
-5.589406769041777
-2.9106872166815214
-1.2797264684805327
-1.6801462110402765
-2.8694510898387318
-3.713048119221071
-3.8128469785754504
-2.8640959860987127
-1.2368200976720773
0.0
0.0
0.0
0.0
0.0
0.0
0.0
0.0
0.0
0.0
0.0
-2.4773637018236427
-4.834257150064134
-7.718115052216817
-10.616317487176971
-13.40160626450173
-15.663758441999192
-16.879598839410512
-16.428911560606153
-13.748072565837516
-10.40074475474168
-8.448863805530621
-9.318389860758948
-11.299448367677524
-12.307516471045687
-11.26334968600118
-8.207701890959084
-4.572754726124088
-1.4807987098730062
0.0
0.0
0.0
0.0
0.0
0.0
0.0
0.0
0.0
-1.5031518482656718
-3.8888402785962146
-6.767772042623578
-10.174047259348582
-13.495996127430002
-16.392926356572666
-18.301175358163665
-18.950273279425495
-17.47738168678844
-13.358204552495033
-8.4872741552637
-6.183561404356145
-8.829218200177298
-13.363273270815569
-15.978385922950093
-15.024260502533934
-10.807918429985914
-5.997756707005033
-2.1007906255712516
0.0
0.0
0.0
0.0
0.0
0.0
0.0
0.0
0.0
-1.4933322880922795
-3.6849804350089075
-6.377932875443406
-9.3615353363449
-12.157604272763168
-14.178683728430828
-14.958788510519307
-14.10784054366235
-11.221485657075677
-5.66148067255462
0.0
1.9390015550869566
-3.5260708627859465
-11.896463026913855
-16.802533595831356
-16.022313539038812
-11.074470521966578
-5.7239058819049164
-1.6853597812898804
0.0
0.0
0.0
0.0
0.0
0.0
0.0
0.0
0.0
0.0
-2.3800773787231284
-4.55102312616143
-6.92980365980538
-9.078925821510074
-10.150176102250374
-9.557079937280012
-7.53781169737287
-3.9114305572955326
2.107545601122281
9.716950160273493
9.433064735859345
0.0
-11.764192842288507
-17.44140435591094
-15.521385782135312
-9.90431466262029
-4.350662430445683
0.0
0.0
0.0
0.0
0.0
0.0
0.0
0.0
0.0
0.0
0.0
-1.0244421676175213
-2.713540901634308
-4.7336699817586645
-6.288606465211474
-6.448081086188339
-5.080088409486781
-2.741435755240956
0.0
8.034289512043387
15.18641314522302
11.65451494644795
-1.5073414530341873
-14.386285848956646
-17.970974839761233
-14.136299765699428
-7.721882808689955
-2.5895947233813357
0.0
0.0
0.0
0.0
0.0
0.0
0.0
0.0
0.0
0.0
0.0
0.0
-1.4369132010311136
-2.959290038562443
-3.923067941157173
-3.6218903938476057
-2.1372715055496694
0.0
2.5214943166358177
11.840444767967716
16.83869224335798
9.756187337046244
-6.6033191118114996
-17.504819521374543
-17.557291096376442
-11.888650685245537
-5.429710753841193
-1.1393904453569257
0.0
0.0
0.0
0.0
0.0
0.0
0.0
0.0
0.0
0.0
0.0
0.0
0.0
-1.545861224438081
-2.0291782110065375
-1.4856113822361845
0.0
0.0
4.295650355695151
13.889265955182207
15.646162388972467
4.758001202816205
-12.518545137863025
-19.310402562505878
-16.144844709326765
-9.397646095211329
-3.6536703452215598
0.0
0.0
0.0
0.0
0.0
0.0
0.0
0.0
0.0
0.0
0.0
0.0
0.0
0.0
0.0
0.0
0.0
0.0
0.0
5.90764087582075
13.688457730520922
11.953117649003529
-1.3310650026930064
-16.64750773017421
-19.097545947544603
-13.644446912024494
-7.035458563792201
-2.492205383502718
0.0
0.0
0.0
0.0
0.0
0.0
0.0
0.0
0.0
0.0
0.0
0.0
0.0
0.0
0.0
0.0
0.0
0.0
1.5715029993873035
6.955926130423435
11.6060855624839
6.288348815276786
-7.746002646678754
-17.948330328025307
-16.65451406761061
-10.323912276642686
-4.752524034068986
-1.2859105290359776
0.0
0.0
0.0
0.0
0.0
0.0
0.0
0.0
0.0
0.0
0.0
0.0
0.0
0.0
0.0
0.0
0.0
0.0
3.427050079704067
7.3930613782534245
8.180629906425889
0.0
-11.29394443600517
-16.541645690594056
-12.923618985775674
-7.023191210409276
-2.6073109977009006
0.0
0.0
0.0
0.0
0.0
0.0
0.0
0.0
0.0
0.0
0.0
0.0
0.0
0.0
0.0
0.0
0.0
0.0
2.390581742784225
4.852105147030296
6.295298419502759
3.702364148640049
-3.7543773883569607
-11.814807709221355
-13.221443192355114
-9.141996805836339
-4.299610957190098
0.0
0.0
0.0
0.0
0.0
0.0
0.0
0.0
0.0
0.0
0.0
0.0
0.0
0.0
0.0
0.0
0.0
0.0
2.0487499883982077
3.6817848792165413
4.821365776545227
3.5199882535535374
0.0
-6.237578846251541
-10.152541918220686
-9.385581646423303
-5.90960711124991
-2.2899750385945685
0.0
0.0
0.0
0.0
0.0
0.0
0.0
0.0
0.0
0.0
0.0
0.0
0.0
0.0
0.0
0.0
0.0
1.6798827568303785
2.858259604251038
3.7239087641463176
3.068077040295564
0.0
-3.0476487893692834
-6.501511454371921
-7.50716534310104
-6.162396693826233
-3.6281882073820118
0.0
0.0
0.0
0.0
0.0
0.0
0.0
0.0
0.0
0.0
0.0
0.0
0.0
0.0
0.0
0.0
0.0
1.1722379062394594
1.9947855127790748
2.6302974752679718
2.409394922743607
0.0
-1.9914882167231465
-4.448170261989807
-5.391059503178934
-4.954074461365777
-3.783561723629969
-2.0895181926747233
0.0
0.0
0.0
0.0
0.0
0.0
0.0
0.0
0.0
0.0
0.0
0.0
0.0
0.0
0.0
0.0
0.0
1.0298010660666521
1.4345360397674605
1.2629950871558662
0.0
-1.4450817431692715
-3.9306141443307823
-4.827325875489111
-4.221158718884003
-3.251643824514507
-2.290535499995392
-1.095147240743068
0.0
0.0
0.0
0.0
0.0
0.0
0.0
0.0
0.0
0.0
0.0
0.0
0.0
0.0
0.0
0.0
0.0
0.0
0.0
0.0
-1.9279282922211562
-4.246729419574303
-5.701503347799411
-5.589095972236374
-4.236367580285935
-2.9714134973483506
-2.0042677022622866
0.0
0.0
0.0
0.0
0.0
0.0
0.0
0.0
0.0
0.0
0.0
0.0
0.0
0.0
0.0
0.0
0.0
0.0
0.0
-1.8055713909785864
-3.90869333448936
-6.3235365997012725
-8.159281046563596
-8.926029188250148
-8.289790322240965
-6.666694373553297
-4.950143358786815
-3.161364051919323
-1.4160517735706253
0.0
0.0
0.0
0.0
0.0
0.0
0.0
0.0
0.0
0.0
0.0
0.0
0.0
0.0
0.0
0.0
0.0
0.0
-2.442521758097784
-4.491220612466624
-6.496002360683628
-7.825518659050296
-8.168910883184587
-7.567269658286445
-6.231725553653555
-4.5715704751980395
-2.6990872253566183
0.0
0.0
0.0
0.0
0.0
0.0
0.0
0.0
0.0
0.0
0.0
0.0
0.0
0.0
0.0
0.0
0.0
0.0
0.0
0.0
-1.6745952560588098
-2.80036102902332
-3.6132135234001836
-3.8236391688180955
-3.597869180895241
-2.9485780623382123
-1.9277801664060856
0.0
0.0
0.0
0.0
0.0
0.0
0.0
0.0
0.0
0.0
0.0
0.0
0.0
0.0
0.0
0.0
0.0
0.0
0.0
0.0
0.0
0.0
0.0
0.0
0.0
0.0
0.0
0.0
0.0
0.0
0.0
0.0
0.0
0.0
0.0
0.0
0.0
0.0
0.0
0.0
